255 37 118
118 37 255
37 118 255
193 86 285
86 193 285
285 86 193
153 87 167
87 153 167
167 87 153
219 13 83
83 13 219
13 83 219
51 136 160
136 51 160
160 51 136
279 199 204
204 199 279
199 204 279
38 76 276
276 38 76
76 38 276
71 34 201
34 71 201
201 34 71
133 74 217
217 74 133
74 133 217
32 126 155
126 32 155
155 32 126
69 162 273
162 69 273
273 69 162
224 151 290
290 151 224
151 224 290
60 12 59
12 59 60
59 12 60
238 42 123
42 123 238
123 42 238
251 157 269
157 251 269
269 157 251
113 275 286
275 113 286
286 113 275
9 158 234
234 9 158
158 9 234
132 129 154
154 129 132
129 132 154
159 95 196
95 159 196
196 95 159
300 79 116
116 79 300
79 116 300
121 20 102
102 20 121
20 102 121
143 16 88
16 88 143
88 16 143
111 36 190
36 111 190
190 36 111
48 92 99
99 48 92
92 48 99
29 258 263
258 29 263
263 29 258
110 47 114
114 47 110
47 110 114
35 23 63
23 35 63
63 23 35
89 120 283
120 89 283
283 89 120
185 77 288
288 77 185
77 185 288
152 107 213
107 152 213
213 107 152
104 17 203
203 17 104
17 104 203
166 192 214
214 166 192
192 166 214
139 4 70
70 4 139
4 70 139
62 55 271
55 62 271
271 55 62
200 130 208
130 200 208
208 130 200
119 181 284
181 119 284
284 119 181
211 161 291
161 211 291
291 161 211
172 19 137
19 137 172
137 19 172
45 227 262
262 45 227
227 45 262
145 222 268
268 145 222
222 145 268
168 39 127
127 39 168
39 127 168
8 31 52
52 8 31
31 8 52
209 109 223
109 209 223
223 109 209
294 30 272
30 272 294
272 30 294
293 96 182
182 96 293
96 182 293
14 156 171
156 14 171
171 14 156
178 175 205
175 178 205
205 175 178
66 78 298
78 66 298
298 66 78
218 245 292
292 218 245
245 218 292
97 243 261
261 97 243
243 97 261
15 46 236
46 15 236
236 15 46
5 50 194
194 5 50
50 5 194
140 164 282
282 140 164
164 140 282
25 61 248
61 25 248
248 25 61
81 198 242
242 81 198
198 81 242
165 249 264
249 165 264
264 165 249
170 10 244
10 170 244
244 10 170
122 146 149
149 122 146
146 122 149
289 134 147
134 147 289
147 134 289
270 108 228
108 228 270
228 108 270
274 183 247
247 183 274
183 247 274
11 207 252
252 11 207
207 11 252
187 90 179
179 90 187
90 179 187
191 246 280
246 191 280
280 191 246
82 41 180
180 41 82
41 82 180
232 28 287
287 28 232
28 232 287
73 117 174
117 73 174
174 73 117
56 18 142
142 18 56
18 56 142
124 105 177
177 105 124
105 124 177
221 91 260
260 91 221
91 221 260
2 93 233
233 2 93
93 2 233
49 3 144
144 3 49
3 49 144
24 239 257
257 24 239
239 24 257
6 186 267
186 6 267
267 6 186
197 68 241
68 197 241
241 68 197
230 33 101
101 33 230
33 101 230
21 206 256
256 21 206
206 21 256
225 265 295
265 225 295
295 225 265
64 141 253
141 64 253
253 64 141
43 163 215
215 43 163
163 43 215
138 297 299
297 138 299
299 138 297
106 84 296
84 106 296
296 84 106
80 210 278
278 80 210
210 80 278
235 65 112
65 112 235
112 65 235
259 53 240
53 240 259
240 53 259
131 184 254
254 131 184
184 131 254
115 27 216
27 115 216
216 27 115
281 44 128
128 44 281
44 128 281
67 229 277
277 67 229
229 67 277
125 57 100
100 57 125
57 100 125
266 94 173
94 173 266
173 94 266
231 7 148
7 148 231
148 7 231
237 26 40
26 40 237
40 26 237
212 54 103
54 103 212
103 54 212
188 202 220
220 188 202
202 188 220
1 85 150
85 1 150
150 1 85
58 189 226
189 58 226
226 58 189
72 22 75
22 72 75
75 22 72
250 98 169
169 98 250
98 169 250
135 176 195
195 135 176
176 135 195
