1172 413 442
413 442 1172
442 413 1172
1181 200 866
200 866 1181
866 200 1181
528 650 765
765 528 650
650 528 765
655 12 86
86 12 655
12 86 655
661 340 1005
340 661 1005
1005 340 661
1250 756 957
957 756 1250
756 957 1250
95 75 716
716 75 95
75 95 716
394 628 983
628 394 983
983 394 628
463 773 1306
1306 463 773
773 463 1306
7 740 1024
1024 7 740
740 7 1024
483 321 1117
1117 321 483
321 483 1117
5 415 1426
1426 5 415
415 5 1426
216 562 1186
562 216 1186
1186 216 562
626 402 404
404 402 626
402 404 626
1411 294 339
294 339 1411
339 294 1411
1014 239 1123
1123 239 1014
239 1014 1123
769 997 1315
1315 769 997
997 769 1315
864 955 1275
955 864 1275
1275 864 955
465 680 720
680 465 720
720 465 680
64 460 1089
460 64 1089
1089 64 460
169 133 1050
133 169 1050
1050 133 169
690 1480 1496
1480 690 1496
1496 690 1480
177 775 1171
775 177 1171
1171 177 775
929 584 1075
584 929 1075
1075 584 929
900 538 903
538 900 903
903 538 900
85 969 1270
1270 85 969
969 85 1270
1254 651 894
651 894 1254
894 651 1254
1261 476 1196
476 1196 1261
1196 476 1261
605 515 840
515 605 840
840 515 605
581 891 1291
1291 581 891
891 581 1291
416 1182 1252
1182 416 1252
1252 416 1182
1053 1004 1029
1029 1004 1053
1004 1029 1053
1308 170 883
883 170 1308
170 883 1308
39 198 734
734 39 198
198 39 734
417 439 553
439 417 553
553 417 439
84 318 1457
1457 84 318
318 84 1457
652 183 898
898 183 652
183 652 898
647 107 1109
1109 107 647
107 647 1109
213 322 781
781 213 322
322 213 781
768 41 1216
1216 41 768
41 768 1216
908 28 240
28 240 908
240 28 908
693 1158 1413
1158 693 1413
1413 693 1158
533 26 696
696 26 533
26 533 696
1284 943 1353
1353 943 1284
943 1284 1353
1027 950 1162
950 1027 1162
1162 950 1027
825 714 1146
1146 714 825
714 825 1146
599 895 1479
1479 599 895
895 599 1479
297 1246 1286
1286 297 1246
1246 297 1286
670 335 786
786 335 670
335 670 786
1379 642 1354
1354 642 1379
642 1354 1379
1102 345 761
761 345 1102
345 761 1102
1401 433 1229
433 1229 1401
1229 433 1401
780 469 547
469 547 780
547 469 780
284 1056 1414
1414 284 1056
1056 284 1414
874 471 695
471 695 874
695 471 874
654 175 245
175 245 654
245 175 654
1148 662 1371
1371 662 1148
662 1148 1371
1444 766 771
766 771 1444
771 766 1444
3 265 1344
265 3 1344
1344 3 265
1484 545 1212
1212 545 1484
545 1212 1484
1093 1074 1372
1372 1074 1093
1074 1093 1372
450 411 910
411 450 910
910 411 450
936 165 721
721 165 936
165 721 936
61 807 1030
807 61 1030
1030 61 807
1429 863 1242
1242 863 1429
863 1242 1429
1274 1047 1490
1490 1047 1274
1047 1274 1490
576 162 481
481 162 576
162 481 576
974 530 788
788 530 974
530 788 974
614 119 1468
119 614 1468
1468 119 614
311 984 1101
1101 311 984
984 311 1101
1168 875 953
953 875 1168
875 953 1168
502 398 598
598 398 502
398 502 598
71 1160 1239
1160 71 1239
1239 71 1160
1483 150 961
150 961 1483
961 150 1483
260 272 1345
272 260 1345
1345 260 272
1299 212 1402
212 1299 1402
1402 212 1299
1084 801 1244
1244 801 1084
801 1084 1244
1103 89 638
89 638 1103
638 89 1103
1349 834 981
834 981 1349
981 834 1349
1432 249 795
249 795 1432
795 249 1432
743 633 1189
633 743 1189
1189 633 743
114 120 718
120 114 718
718 114 120
1267 609 1279
1279 609 1267
609 1267 1279
803 1347 1419
1419 803 1347
1347 803 1419
1152 223 1348
223 1152 1348
1348 223 1152
596 466 1373
466 596 1373
1373 466 596
325 1070 1422
1070 325 1422
1422 325 1070
1380 82 202
202 82 1380
82 202 1380
1464 320 1435
320 1435 1464
1435 320 1464
385 1198 1271
1198 385 1271
1271 385 1198
816 1167 1336
1336 816 1167
1167 816 1336
1086 1157 1302
1157 1086 1302
1302 1086 1157
1384 551 1022
1022 551 1384
551 1022 1384
573 574 1069
1069 573 574
574 573 1069
624 145 353
145 353 624
353 145 624
408 365 1215
1215 365 408
365 408 1215
1375 631 660
660 631 1375
631 660 1375
347 792 1236
792 347 1236
1236 347 792
1364 224 666
666 224 1364
224 666 1364
391 387 1001
1001 387 391
387 391 1001
656 1018 1303
1303 656 1018
1018 656 1303
1325 368 850
368 850 1325
850 368 1325
1386 615 800
800 615 1386
615 800 1386
886 337 397
337 397 886
397 337 886
1278 36 672
672 36 1278
36 672 1278
668 168 1163
168 668 1163
1163 168 668
1010 357 1273
1273 357 1010
357 1010 1273
1159 746 1495
746 1159 1495
1495 746 1159
90 257 342
342 90 257
257 90 342
1388 1061 1493
1493 1061 1388
1061 1388 1493
1026 148 1012
148 1012 1026
1012 148 1026
1088 225 1130
225 1088 1130
1130 225 1088
548 393 1034
393 548 1034
1034 393 548
101 480 496
496 101 480
480 101 496
1232 1156 1361
1156 1232 1361
1361 1156 1232
504 588 1313
588 504 1313
1313 504 588
838 46 132
132 46 838
46 132 838
1036 682 861
682 861 1036
861 682 1036
1228 978 1403
1403 978 1228
978 1228 1403
490 872 1243
1243 490 872
872 490 1243
139 275 448
275 139 448
448 139 275
1204 989 1161
989 1161 1204
1161 989 1204
56 1055 1310
1055 56 1310
1310 56 1055
459 468 1295
1295 459 468
468 459 1295
356 431 664
431 356 664
664 356 431
977 161 1227
1227 161 977
161 977 1227
622 144 968
144 622 968
968 144 622
1179 207 280
207 280 1179
280 207 1179
1031 159 644
159 644 1031
644 159 1031
1062 1080 1108
1080 1062 1108
1108 1062 1080
1276 1021 1173
1173 1021 1276
1021 1173 1276
220 282 1494
1494 220 282
282 220 1494
232 72 80
80 72 232
72 80 232
880 641 1197
1197 641 880
641 880 1197
166 796 1463
796 166 1463
1463 166 796
920 1180 1485
1485 920 1180
1180 920 1485
557 809 1387
1387 557 809
809 557 1387
554 607 975
975 554 607
607 554 975
755 273 1415
273 755 1415
1415 273 755
1205 1136 1255
1255 1136 1205
1136 1205 1255
749 327 1449
327 749 1449
1449 327 749
1192 253 1164
1164 253 1192
253 1164 1192
947 541 1118
1118 541 947
541 947 1118
1297 116 1237
1237 116 1297
116 1237 1297
447 98 376
98 376 447
376 98 447
1350 505 657
657 505 1350
505 657 1350
1472 263 715
263 715 1472
715 263 1472
59 424 762
762 59 424
424 59 762
1416 214 683
683 214 1416
214 683 1416
477 1260 1304
1304 477 1260
1260 477 1304
211 579 845
579 211 845
845 211 579
948 474 1079
474 948 1079
1079 474 948
789 1013 1104
1013 789 1104
1104 789 1013
226 954 1039
1039 226 954
954 226 1039
1285 420 1144
420 1144 1285
1144 420 1285
494 1363 1469
1469 494 1363
1363 494 1469
344 17 815
17 344 815
815 17 344
1445 973 1153
1153 973 1445
973 1153 1445
1219 753 1447
1447 753 1219
753 1219 1447
518 600 777
777 518 600
600 518 777
805 1249 1333
1249 805 1333
1333 805 1249
540 179 363
179 363 540
363 179 540
764 237 1417
237 764 1417
1417 237 764
1407 184 511
511 184 1407
184 511 1407
674 32 97
97 32 674
32 97 674
462 43 1210
43 462 1210
1210 43 462
842 140 601
140 601 842
601 140 842
639 1008 1341
1008 639 1341
1341 639 1008
1120 1065 1139
1139 1065 1120
1065 1120 1139
1482 590 1321
1321 590 1482
590 1321 1482
713 407 1195
407 713 1195
1195 407 713
813 92 485
92 485 813
485 92 813
1405 1214 1454
1454 1214 1405
1214 1405 1454
155 881 1428
1428 155 881
881 155 1428
512 503 1281
503 512 1281
1281 503 512
823 586 942
942 586 823
586 823 942
686 1016 1037
1037 686 1016
1016 686 1037
117 966 1470
1470 117 966
966 117 1470
23 1338 1391
1338 23 1391
1391 23 1338
110 916 1446
1446 110 916
916 110 1446
988 262 1406
262 988 1406
1406 262 988
597 126 176
176 126 597
126 176 597
546 539 636
636 539 546
539 546 636
13 873 1434
873 13 1434
1434 13 873
985 617 1478
1478 617 985
617 985 1478
334 709 1430
709 334 1430
1430 334 709
410 62 300
62 300 410
300 62 410
1287 219 1489
219 1287 1489
1489 219 1287
484 744 919
744 484 919
919 484 744
1370 241 386
386 241 1370
241 386 1370
869 1049 1467
1467 869 1049
1049 869 1467
556 350 1433
350 556 1433
1433 350 556
986 856 1307
1307 856 986
856 986 1307
188 299 691
299 188 691
691 188 299
307 956 1217
956 307 1217
1217 307 956
156 191 1231
191 156 1231
1231 156 191
1497 526 1134
1134 526 1497
526 1134 1497
298 103 550
550 103 298
103 298 550
649 199 389
199 389 649
389 199 649
1137 138 1329
138 1137 1329
1329 138 1137
960 486 832
486 832 960
832 486 960
266 283 793
283 266 793
793 266 283
827 440 995
995 440 827
440 827 995
1015 824 1395
824 1015 1395
1395 824 1015
783 779 926
779 783 926
926 779 783
33 456 521
456 33 521
521 33 456
287 55 723
723 55 287
55 287 723
18 16 1095
16 18 1095
1095 16 18
1323 1129 1378
1378 1129 1323
1129 1323 1378
467 167 1115
167 467 1115
1115 167 467
136 464 1099
1099 136 464
464 136 1099
403 54 931
54 403 931
931 54 403
42 100 234
100 42 234
234 42 100
1003 88 254
88 254 1003
254 88 1003
1451 4 1339
4 1339 1451
1339 4 1451
544 121 1147
1147 121 544
121 544 1147
728 351 1340
351 728 1340
1340 351 728
1085 432 704
432 704 1085
704 432 1085
358 946 1475
1475 358 946
946 358 1475
1201 316 1398
316 1201 1398
1398 316 1201
305 561 1100
561 305 1100
1100 305 561
763 445 990
990 445 763
445 763 990
1300 1125 1441
1125 1300 1441
1441 1125 1300
78 135 399
399 78 135
135 78 399
1203 778 1048
778 1048 1203
1048 778 1203
848 589 951
951 589 848
589 848 951
1063 400 1165
400 1063 1165
1165 400 1063
578 25 702
702 25 578
25 578 702
877 209 303
209 303 877
303 209 877
1096 160 238
238 160 1096
160 238 1096
938 736 1425
736 938 1425
1425 736 938
549 492 558
492 549 558
558 492 549
867 308 508
508 308 867
308 508 867
1477 102 612
612 102 1477
102 612 1477
851 180 1028
180 851 1028
1028 180 851
784 269 1208
1208 269 784
269 784 1208
958 108 972
108 958 972
972 108 958
687 27 1412
1412 27 687
27 687 1412
1009 29 122
122 29 1009
29 122 1009
855 915 1218
1218 855 915
915 855 1218
111 381 1305
381 111 1305
1305 111 381
461 566 676
676 461 566
566 461 676
634 6 221
221 6 634
6 221 634
1358 531 976
531 976 1358
976 531 1358
405 623 906
623 405 906
906 405 623
620 659 982
982 620 659
659 620 982
536 83 1044
83 536 1044
1044 83 536
582 104 1185
1185 104 582
104 582 1185
732 559 1327
1327 559 732
559 732 1327
1077 457 745
745 457 1077
457 745 1077
40 196 1251
196 40 1251
1251 40 196
276 128 206
206 128 276
128 206 276
1492 195 455
455 195 1492
195 455 1492
922 452 1312
452 922 1312
1312 452 922
901 1076 1448
1076 901 1448
1448 901 1076
158 44 230
44 158 230
230 44 158
1455 1000 1092
1000 1092 1455
1092 1000 1455
684 535 1351
535 684 1351
1351 535 684
729 31 153
31 153 729
153 31 729
604 608 1190
608 604 1190
1190 604 608
124 970 1051
970 124 1051
1051 124 970
818 646 1436
1436 646 818
646 818 1436
1357 677 1352
1352 677 1357
677 1352 1357
748 129 965
129 748 965
965 129 748
242 255 1389
255 242 1389
1389 242 255
1481 594 1105
1105 594 1481
594 1105 1481
507 326 889
326 507 889
889 326 507
583 58 1289
1289 58 583
58 583 1289
14 222 1262
222 14 1262
1262 14 222
935 1238 1290
1290 935 1238
1238 935 1290
1043 797 1322
797 1043 1322
1322 797 1043
1365 436 516
436 516 1365
516 436 1365
918 8 1394
8 918 1394
1394 8 918
371 412 853
853 371 412
412 371 853
689 15 94
15 94 689
94 15 689
488 217 821
217 488 821
821 217 488
564 575 585
575 564 585
585 564 575
603 142 1418
1418 142 603
142 603 1418
1041 555 1311
555 1041 1311
1311 555 1041
523 571 724
724 523 571
571 523 724
388 423 1119
1119 388 423
423 388 1119
1224 552 1176
552 1176 1224
1176 552 1224
519 1356 1462
1462 519 1356
1356 519 1462
1154 1 1133
1133 1 1154
1 1133 1154
418 537 1366
537 418 1366
1366 418 537
374 187 1128
187 374 1128
1128 187 374
1207 49 1420
49 1207 1420
1420 49 1207
182 979 1170
1170 182 979
979 182 1170
1393 143 1292
143 1292 1393
1292 143 1393
306 857 871
857 306 871
871 306 857
971 534 1107
534 971 1107
1107 534 971
1114 964 1259
1259 964 1114
964 1114 1259
799 246 1442
246 799 1442
1442 246 799
53 157 1234
1234 53 157
157 53 1234
831 218 414
414 218 831
218 414 831
1145 899 1149
899 1145 1149
1149 899 1145
384 131 454
131 384 454
454 131 384
563 244 1488
1488 244 563
244 563 1488
630 312 710
312 630 710
710 312 630
354 428 437
428 354 437
437 354 428
1476 274 542
274 542 1476
542 274 1476
1317 81 817
817 81 1317
81 817 1317
1060 79 256
79 256 1060
256 79 1060
113 70 759
70 113 759
759 70 113
621 279 1066
279 621 1066
1066 279 621
482 1081 1151
1151 482 1081
1081 482 1151
580 1087 1342
1342 580 1087
1087 580 1342
1367 21 1396
21 1367 1396
1396 21 1367
164 758 1007
758 164 1007
1007 164 758
317 618 1400
618 317 1400
1400 317 618
478 74 251
74 251 478
251 74 478
937 513 1169
1169 513 937
513 937 1169
1240 1209 1301
1301 1209 1240
1209 1240 1301
323 96 141
96 141 323
141 96 323
1293 9 1376
9 1293 1376
1376 9 1293
610 289 811
289 610 811
811 289 610
1175 1110 1135
1110 1135 1175
1135 1110 1175
258 130 1369
130 258 1369
1369 130 258
235 30 1178
30 235 1178
1178 30 235
735 752 1427
1427 735 752
752 735 1427
1385 367 737
737 367 1385
367 737 1385
1199 837 1408
837 1199 1408
1408 837 1199
678 698 1223
1223 678 698
698 678 1223
375 309 1362
309 375 1362
1362 309 375
1330 868 1461
1461 868 1330
868 1330 1461
296 653 1046
1046 296 653
653 296 1046
329 1116 1458
1458 329 1116
1116 329 1458
921 487 760
760 487 921
487 760 921
185 137 324
137 185 324
324 137 185
1256 268 999
268 999 1256
999 268 1256
663 475 854
854 475 663
475 663 854
1230 292 501
292 501 1230
501 292 1230
782 69 917
917 69 782
69 782 917
1471 290 1206
1206 290 1471
290 1206 1471
625 643 1452
1452 625 643
643 625 1452
1188 190 1226
1226 190 1188
190 1188 1226
341 35 333
333 35 341
35 333 341
458 591 1296
1296 458 591
591 458 1296
421 259 1038
1038 259 421
259 421 1038
635 401 406
406 401 635
401 406 635
808 802 1040
1040 802 808
802 808 1040
602 364 862
364 602 862
862 364 602
24 667 1064
667 24 1064
1064 24 667
1131 11 1277
1277 11 1131
11 1131 1277
205 91 1200
1200 91 205
91 205 1200
794 264 884
264 794 884
884 264 794
835 671 998
998 671 835
671 835 998
939 708 1140
708 939 1140
1140 708 939
1431 673 1316
1316 673 1431
673 1316 1431
1073 252 911
911 252 1073
252 911 1073
379 1019 1221
1019 379 1221
1221 379 1019
1438 860 1334
860 1334 1438
1334 860 1438
227 51 730
51 227 730
730 51 227
377 1127 1456
1456 377 1127
1127 377 1456
1409 87 1241
87 1241 1409
1241 87 1409
152 611 839
611 152 839
839 152 611
993 852 1377
852 993 1377
1377 852 993
806 770 833
770 806 833
833 770 806
905 295 962
295 905 962
962 295 905
315 201 247
247 201 315
201 247 315
1439 933 1059
1059 933 1439
933 1059 1439
699 359 1213
359 699 1213
1213 359 699
1202 382 913
382 913 1202
913 382 1202
500 76 1006
1006 76 500
76 500 1006
685 392 1498
392 685 1498
1498 392 685
1346 236 902
236 902 1346
902 236 1346
154 396 1166
1166 154 396
396 154 1166
1090 267 1033
1033 267 1090
267 1033 1090
675 360 1283
1283 360 675
360 675 1283
741 870 1298
870 741 1298
1298 741 870
346 1272 1424
1424 346 1272
1272 346 1424
820 229 301
301 229 820
229 301 820
173 390 568
568 173 390
390 173 568
1319 286 810
810 286 1319
286 810 1319
1331 520 1247
1247 520 1331
520 1247 1331
751 885 1359
1359 751 885
885 751 1359
479 572 890
572 479 890
890 479 572
836 912 1078
912 836 1078
1078 836 912
592 959 1155
1155 592 959
959 592 1155
882 171 593
593 171 882
171 593 882
1404 355 473
473 355 1404
355 473 1404
719 1042 1399
1042 719 1399
1399 719 1042
451 701 711
711 451 701
701 451 711
944 731 1499
1499 731 944
731 944 1499
1220 1421 1453
1421 1220 1453
1453 1220 1421
1184 231 343
231 343 1184
343 231 1184
841 313 517
313 517 841
517 313 841
1020 314 1111
1111 314 1020
314 1020 1111
373 798 952
952 373 798
798 373 952
1222 194 1068
194 1068 1222
1068 194 1222
453 509 1126
1126 453 509
509 453 1126
924 923 1225
1225 923 924
923 924 1225
750 105 945
945 105 750
105 750 945
1268 829 1487
1487 829 1268
829 1268 1487
665 1245 1460
1460 665 1245
1245 665 1460
498 812 1390
1390 498 812
812 498 1390
725 181 787
181 725 787
787 181 725
692 429 1017
1017 429 692
429 692 1017
1343 106 1112
106 1112 1343
1112 106 1343
1002 66 288
288 66 1002
66 288 1002
348 1052 1121
1052 348 1121
1121 348 1052
705 616 1465
616 705 1465
1465 616 705
493 846 1423
1423 493 846
846 493 1423
706 215 1500
1500 215 706
215 706 1500
338 372 859
859 338 372
372 338 859
1337 987 1440
987 1337 1440
1440 987 1337
277 757 1314
1314 277 757
757 277 1314
19 524 619
524 19 619
619 19 524
632 1183 1257
1257 632 1183
1183 632 1257
1280 197 1326
1326 197 1280
197 1280 1326
645 681 907
681 645 907
907 645 681
63 697 980
980 63 697
697 63 980
304 949 1264
949 304 1264
1264 304 949
45 210 941
941 45 210
210 45 941
172 57 93
57 93 172
93 57 172
742 380 914
914 380 742
380 742 914
925 522 934
522 925 934
934 522 925
909 38 570
570 38 909
38 570 909
34 739 1392
1392 34 739
739 34 1392
878 430 658
658 430 878
430 658 878
830 1383 1466
1383 830 1466
1466 830 1383
514 791 1191
1191 514 791
791 514 1191
887 694 1106
1106 694 887
694 887 1106
50 1032 1320
1320 50 1032
1032 50 1320
134 302 774
774 134 302
302 134 774
543 434 510
510 434 543
434 510 543
349 495 1258
1258 349 495
495 349 1258
109 422 443
422 109 443
443 109 422
310 147 888
147 310 888
888 147 310
48 822 1269
822 48 1269
1269 48 822
328 331 425
425 328 331
331 328 425
248 426 790
426 248 790
790 248 426
1374 1355 1397
1355 1374 1397
1397 1355 1374
738 994 1094
994 738 1094
1094 738 994
726 532 1025
532 726 1025
1025 532 726
896 595 1035
595 896 1035
1035 595 896
506 928 1491
1491 506 928
928 506 1491
648 1143 1332
1143 648 1332
1332 648 1143
879 293 569
293 569 879
569 293 879
1265 271 472
472 271 1265
271 472 1265
717 65 567
567 65 717
65 567 717
776 115 1067
1067 115 776
115 776 1067
1045 996 1253
1253 996 1045
996 1045 1253
804 1174 1443
1174 804 1443
1443 804 1174
688 446 1177
446 688 1177
1177 446 688
22 932 1248
1248 22 932
932 22 1248
497 1057 1360
1360 497 1057
1057 497 1360
352 20 1318
1318 20 352
20 352 1318
613 52 640
640 52 613
52 613 640
892 865 1132
865 892 1132
1132 865 892
703 203 1235
203 703 1235
1235 203 703
270 491 1194
491 270 1194
1194 270 491
1450 369 1142
1142 369 1450
369 1142 1450
193 843 1054
843 193 1054
1054 193 843
1266 319 1011
1011 319 1266
319 1011 1266
627 10 876
10 627 876
876 10 627
470 189 1023
1023 189 470
189 470 1023
727 228 1193
228 727 1193
1193 228 727
285 362 499
499 285 362
362 285 499
409 146 772
772 146 409
146 409 772
1335 67 1486
1486 67 1335
67 1335 1486
47 261 722
261 47 722
722 47 261
991 858 1328
1328 858 991
858 991 1328
1459 192 1382
192 1382 1459
1382 192 1459
37 233 587
587 37 233
233 37 587
733 151 1187
1187 151 733
151 733 1187
1141 629 1381
629 1141 1381
1381 629 1141
1098 149 204
204 149 1098
149 204 1098
1211 525 992
525 992 1211
992 525 1211
897 435 637
435 637 897
637 435 897
767 99 700
99 700 767
700 99 767
178 361 1474
361 178 1474
1474 178 361
378 712 963
963 378 712
712 378 963
819 785 893
785 819 893
893 785 819
186 125 844
125 186 844
844 125 186
577 679 967
679 577 967
967 577 679
73 1071 1263
1071 73 1263
1263 73 1071
1083 208 1122
1122 208 1083
208 1083 1122
1410 112 118
112 118 1410
118 112 1410
847 707 1091
707 847 1091
1091 707 847
444 60 395
60 395 444
395 60 444
449 243 747
243 449 747
747 243 449
1097 77 383
77 383 1097
383 77 1097
814 904 1309
904 814 1309
1309 814 904
336 163 330
330 163 336
163 330 336
123 754 930
754 123 930
930 123 754
1150 1324 1473
1473 1150 1324
1324 1150 1473
828 419 849
849 419 828
419 828 849
529 1233 1294
1294 529 1233
1233 529 1294
489 281 527
281 489 527
527 281 489
1082 291 1288
1288 291 1082
291 1082 1288
1437 438 1138
1138 438 1437
438 1138 1437
332 560 1282
560 332 1282
1282 332 560
927 278 669
278 669 927
669 278 927
826 68 441
441 68 826
68 441 826
427 1124 1368
1124 427 1368
1368 427 1124
366 250 606
250 366 606
606 250 366
940 2 1058
1058 2 940
2 940 1058
174 565 1113
1113 174 565
565 174 1113
1072 127 370
370 127 1072
127 370 1072
